fiber ra dec sky row r "r group" Z t V sigma dV dsigma
52 0.0 0.0 0 47 0.0 12 0.08265530967696767 9.558344105460305 -82.04412285281755 255.4970228965568 1.159663802293001 1.144713273172949
31 0.0 -5.63 0 27 5.63 4 0.03990493773732851 9.811553094744127 -189.77957802029383 129.29418844162063 0.8973448824970283 1.6006484073592675
47 0.0 5.63 0 42 5.63 4 0.11652489335921931 10.401857364025657 -82.97019295529002 214.62878542423343 1.1751323240058653 1.1547433792013313
26 4.93 2.81 0 22 5.67459249638 4 0.0019373829083130976 10.68839040953063 8.471175557417057 196.65681204227874 0.5188626767080602 0.540714446579258
43 -4.93 2.81 0 38 5.67459249638 4 0.061150903370888826 9.627954458020753 -145.20734322095433 194.5729431069114 1.370643302000589 2.0663436835221143
46 4.93 -2.81 0 41 5.67459249638 4 -0.0714852335139308 10.518894687436381 -32.69494621378945 124.17946803664279 0.9857050609004824 1.6569899865804074
66 -4.93 -2.81 0 60 5.67459249638 4 -0.014016345376046848 9.29397239224532 -173.19400395724347 225.56947764273355 2.223425151227614 2.3379893685129716
25 4.93 -8.44 0 21 9.77437977572 3 nan nan nan nan nan nan
41 4.93 8.44 0 36 9.77437977572 3 -0.027296448865868586 9.350242632370646 -31.353920105614165 197.0721024159463 1.2082311724741686 1.5906240349445486
51 -4.93 -8.44 0 46 9.77437977572 3 -0.008370447405089885 9.453647068141349 -226.13776542188276 179.4546168879305 2.649496253140134 1.7794532195239579
62 -4.93 8.44 0 56 9.77437977572 3 -0.025882622835891378 8.890756573900394 -216.482834744593 214.25913885151905 4.421638280080926 4.821435892573872
1 9.85 0.0 0 0 9.85 3 -0.7658507917372025 9.287907232804546 -292.01824725974785 407.47104133803913 8.197157051488784 7.85443626349907
45 -9.85 0.0 0 40 9.85 3 0.10259837843714402 4.472439646905678 404.0906147295112 1000.0 8.77588543372481 0.0
44 0.0 11.26 0 39 11.26 11 0.1128258942852233 7.183232074268048 15.901135347455613 160.05291155821976 0.6534778005801837 1.5771033306572069
48 0.0 -11.26 0 43 11.26 11 0.0430480345385936 8.686071096636535 -246.22050985168894 207.32297125846964 2.209320997427145 1.9103499841906493
42 0.0 16.89 0 37 16.89 6 -0.0321026430516173 6.614363650121393 -107.85861925399573 139.1843895093785 3.5514726826136136 3.89636972607864
79 0.0 -16.89 0 72 16.89 6 0.09284141400665526 1.4660688895596399 -5.825062719238706 14.936558465259294 554.3465561609079 478.3908170003256
23 14.78 8.44 0 19 17.0200470035 6 -0.03275475115078598 9.551088896984751 136.72176702448795 282.33271625367047 3.331072410979605 3.8224626837011177
24 14.78 -8.44 0 20 17.0200470035 6 nan nan nan nan nan nan
63 -14.78 8.44 0 57 17.0200470035 6 -0.032102632902697374 6.6143679182317765 -356.61811983136823 229.33122506169263 1.2906682716205262 3.2416934506319404
64 -14.78 -8.44 0 58 17.0200470035 6 -0.01212720159341265 9.757551396108756 -403.7362691790025 100.05622500033472 1.485498539753564 2.8708419244286127
21 9.85 16.89 0 18 19.5523553568 5 -0.0343564999512528 8.506630288835954 4.137734420384369 114.88370702218135 1.864541719384749 2.996561913951817
33 9.85 -16.89 0 29 19.5523553568 5 -1.1860686414885142 1.1824168425300672 291.0543497870124 52.538505330814615 6.12796792739061 31.819698124134103
56 -9.85 16.89 0 50 19.5523553568 5 -0.3055211695640318 4.888681230738989 -56.46188400168246 336.74230484190025 12.795227072252356 5.804461136798581
71 -9.85 -16.89 0 64 19.5523553568 5 nan nan nan nan nan nan
28 19.71 0.0 0 24 19.71 5 nan nan nan nan nan nan
82 -19.71 0.0 0 74 19.71 5 -0.03179154997773676 6.915242461530737 -249.9201521843352 208.87635920586285 1.7721642525311494 5.040405750455921
18 4.93 25.33 0 15 25.805305656 0 -0.5245079280391046 8.884362016733657 -177.64990040891362 27.60913952275185 87.3359396890897 507.2057864355677
32 4.93 -25.33 0 28 25.805305656 0 -0.07808735350840304 2.8827509714200996 -1189.5927542545885 656.1517816798796 20.6982233774911 16.292823205321593
40 -4.93 25.33 0 35 25.805305656 0 -0.7888797954118251 3.906562479825239 -344.89243720492277 94.91426308921511 7.170647027686713 9.135667190043048
49 -4.93 -25.33 0 44 25.805305656 0 -0.46117428661228405 2.7390225869792006 -503.0653534133043 32.49299143111543 8.981447089883224 121.77828213875087
15 24.49 -8.44 0 13 25.9035460893 0 nan nan nan nan nan nan
27 19.71 16.89 0 23 25.9568141342 0 nan nan nan nan nan nan
30 19.71 -16.89 0 26 25.9568141342 0 -0.03210183849278834 2.739143177449428 -974.6694130844417 525.7815282446705 17.37513730813635 16.441153831165494
60 -19.71 16.89 0 54 25.9568141342 0 nan nan nan nan nan nan
68 -19.71 -16.89 0 62 25.9568141342 0 nan nan nan nan nan nan
4 24.64 8.44 0 2 26.0454065048 0 -0.03210264306738348 6.6143636380329855 1938.1904964027824 320.8344171556869 10.307232909149151 9.171752642052134
61 -24.64 -8.44 0 55 26.0454065048 0 -0.13681585568897192 8.035904888699436 144.7129225758885 8.932346984530433 226968.76447521787 148793.4121649074
65 -24.64 8.44 0 59 26.0454065048 0 -0.8165848532094261 8.054710077959049 424.2485925853388 231.33604964402102 10.549430510582624 12.279004823448117
20 14.78 25.33 0 17 29.3267335378 7 nan nan nan nan nan nan
34 14.78 -25.33 0 30 29.3267335378 7 -0.07291333309343108 2.739382461288299 -995.791778547073 459.40372738106385 11.27044011172854 9.478381083081578
58 -14.78 25.33 0 52 29.3267335378 7 -0.6373078916799444 1.009390805414327 32.17814811118211 1000.0 55993506.26117315 0.0
67 -14.78 -25.33 0 61 29.3267335378 7 0.026335101348781993 6.2880001100491745 1122.3586395562418 209.57842855744144 5.326554698089015 8.277699065894577
8 29.56 0.0 0 6 29.56 7 -0.028389463019329632 8.919845438916282 2145.656283170266 1000.0 66.96794004962192 0.0
73 -29.56 0.0 0 66 29.56 7 -0.7805416702326431 1.3236495116982032 494.44446000588596 890.340041748377 30.600407101743233 30.923425752213312
38 0.0 33.77 0 33 33.77 2 nan nan nan nan nan nan
53 0.0 -33.77 0 48 33.77 2 0.004617671746824954 10.096163914137671 781.0529807704111 959.3548722150147 18.145723706522777 16.253965837460594
5 29.56 16.89 0 3 34.0450539726 2 nan nan nan nan nan nan
14 29.56 -16.89 0 12 34.0450539726 2 -0.049333212474612385 2.734595556021015 -1257.1517143389763 666.6187543387628 9.828541219540297 17.998642518974133
75 -29.56 16.89 0 68 34.0450539726 2 -0.029907658988958575 8.479409298357666 1997.265201242847 986.9110115051881 27.035024203363093 17.394515324768125
77 -29.56 -16.89 0 70 34.0450539726 2 -0.007670932211596384 3.84028375793555 315.2656098958916 793.4995469579756 61.2009410000287 69.4354359038661
19 9.85 33.77 0 16 35.1772000023 1 -0.3036287336737615 8.243212445699694 61.370436627518735 850.7465399451129 25.99974032079233 40.810033850653234
29 9.85 -33.77 0 25 35.1772000023 1 -0.050377383602344346 2.737331670738852 -435.6848641491906 174.0482224074012 5.736099555921548 4.637425543207504
39 -9.85 33.77 0 34 35.1772000023 1 -0.22373579072036678 3.0919173257005075 -1688.084220923982 641.8275409902723 20.318270855764954 20.074361458309895
50 -9.85 -33.77 0 45 35.1772000023 1 -0.027133181044349405 8.894185709629587 -663.7768577123746 1000.0 72.67327357215527 0.0
7 24.64 25.33 0 5 35.3374942519 1 0.014477927757182355 10.013858079711282 -2000.0 8.162645817697088 0.0 0.0
11 24.64 -25.33 0 9 35.3374942519 1 -0.05214702423815676 2.7394019607344995 -389.37544959810145 182.59351389793173 5.566308082201579 5.934101922964841
55 -24.64 25.33 0 49 35.3374942519 1 0.12178741977286914 3.516106597441255 -362.8165296736844 85.69278218099608 176.35517235177676 223.80792476852585
81 -24.64 -25.33 0 73 35.3374942519 1 0.05417441434759414 7.130320927157697 -652.8663940253778 50.10380087788829 5.8041821386794386 8.202685019023807
9 34.49 8.44 0 7 35.5076569207 1 -0.030885303407201116 7.500764265246271 -33.84546173313673 190.25510898087006 20.55232183696605 15.753796243504677
13 34.49 -8.44 0 11 35.5076569207 1 -0.10175794700471809 2.739287917006415 -388.40838986593633 215.66848560023286 7.736794128911045 7.953896812535918
74 -34.49 -8.44 0 67 35.5076569207 1 -1.067456346236795 1.090871642166824 22.559550552112707 8.16264590496818 0.0 4432621881957.671
76 -34.49 8.44 0 69 35.5076569207 1 nan nan nan nan nan nan
17 19.71 33.77 0 14 39.1011125161 10 -0.03065814969638471 7.735948157067846 -232.94762935618434 157.76328296150336 12.025130086531723 16.803909568471223
35 19.71 -33.77 0 31 39.1011125161 10 -0.05552640917297609 2.739148932136933 -525.9286210794065 187.47855436490536 3.4310466078839945 5.549058041604726
36 -19.71 33.77 0 32 39.1011125161 10 -0.03210254992516808 2.739377136415863 -1313.3251074662794 462.5536858126688 48.24322817958925 37.06788998783479
69 -19.71 -33.77 0 63 39.1011125161 10 -0.13511804203559852 2.739440093539892 -302.58362685669266 164.48655538983266 6.27814776811917 5.524709667434495
3 34.49 25.33 0 1 42.792160497 9 nan nan nan nan nan nan
10 34.49 -25.33 0 8 42.792160497 9 -0.07256937950024468 2.739325563839463 -437.0904162372607 82.06010557610644 3.421944989504297 4.340561177373962
59 -34.49 25.33 0 53 42.792160497 9 nan nan nan nan nan nan
78 -34.49 -25.33 0 71 42.792160497 9 0.05593905018188764 1.8083143668339066 -372.8702672398209 909.5328290956493 17.364585251941566 33.917382384202405
6 29.56 33.77 0 4 44.8799119874 8 -1.1852397631584752 1.1095037502685263 -72.92042074049606 125.00469521913611 124.4475246712249 156.5971272625708
12 29.56 -33.77 0 10 44.8799119874 8 -0.03180614893185407 7.039045792895463 -356.85357960661275 150.71634399403433 5.294343838070265 6.991712878940191
57 -29.56 33.77 0 51 44.8799119874 8 -0.2959558451966732 2.7394537546198414 -225.04566591247928 138.53068823988426 19.976837385958188 28.595880090744245
72 -29.56 -33.77 0 65 44.8799119874 8 -0.010510657014482517 7.8108069734436345 -1123.283330833455 799.7075616801119 22.656426945908485 12.64623008863454
16 0.0 61.92 1 -9999 61.92 -9999 nan nan nan nan nan nan
80 -64.05 2.81 1 -9999 64.111610493 -9999 nan nan nan nan nan nan
2 -29.56 61.92 1 -9999 68.613992742 -9999 nan nan nan nan nan nan
22 29.56 61.92 1 -9999 68.613992742 -9999 nan nan nan nan nan nan
70 -64.05 -30.96 1 -9999 71.1401721955 -9999 nan nan nan nan nan nan
54 -64.05 36.59 1 -9999 73.7646975185 -9999 nan nan nan nan nan nan
37 -59.12 61.92 1 -9999 85.6111020838 -9999 nan nan nan nan nan nan
